{
 "cells": [
  {
   "cell_type": "code",
   "execution_count": 170,
   "metadata": {},
   "outputs": [],
   "source": [
    "import pandas as pd\n",
    "import numpy as np\n",
    "import matplotlib.pyplot as plt"
   ]
  },
  {
   "cell_type": "code",
   "execution_count": 171,
   "metadata": {},
   "outputs": [],
   "source": [
    "df=pd.read_csv('HousingData.csv')"
   ]
  },
  {
   "cell_type": "code",
   "execution_count": 172,
   "metadata": {},
   "outputs": [
    {
     "data": {
      "text/html": [
       "<div>\n",
       "<style scoped>\n",
       "    .dataframe tbody tr th:only-of-type {\n",
       "        vertical-align: middle;\n",
       "    }\n",
       "\n",
       "    .dataframe tbody tr th {\n",
       "        vertical-align: top;\n",
       "    }\n",
       "\n",
       "    .dataframe thead th {\n",
       "        text-align: right;\n",
       "    }\n",
       "</style>\n",
       "<table border=\"1\" class=\"dataframe\">\n",
       "  <thead>\n",
       "    <tr style=\"text-align: right;\">\n",
       "      <th></th>\n",
       "      <th>CRIM</th>\n",
       "      <th>ZN</th>\n",
       "      <th>INDUS</th>\n",
       "      <th>CHAS</th>\n",
       "      <th>NOX</th>\n",
       "      <th>RM</th>\n",
       "      <th>AGE</th>\n",
       "      <th>DIS</th>\n",
       "      <th>RAD</th>\n",
       "      <th>TAX</th>\n",
       "      <th>PTRATIO</th>\n",
       "      <th>B</th>\n",
       "      <th>LSTAT</th>\n",
       "      <th>MEDV</th>\n",
       "    </tr>\n",
       "  </thead>\n",
       "  <tbody>\n",
       "    <tr>\n",
       "      <th>0</th>\n",
       "      <td>0.00632</td>\n",
       "      <td>18.0</td>\n",
       "      <td>2.31</td>\n",
       "      <td>0.0</td>\n",
       "      <td>0.538</td>\n",
       "      <td>6.575</td>\n",
       "      <td>65.2</td>\n",
       "      <td>4.0900</td>\n",
       "      <td>1</td>\n",
       "      <td>296</td>\n",
       "      <td>15.3</td>\n",
       "      <td>396.90</td>\n",
       "      <td>4.98</td>\n",
       "      <td>24.0</td>\n",
       "    </tr>\n",
       "    <tr>\n",
       "      <th>1</th>\n",
       "      <td>0.02731</td>\n",
       "      <td>0.0</td>\n",
       "      <td>7.07</td>\n",
       "      <td>0.0</td>\n",
       "      <td>0.469</td>\n",
       "      <td>6.421</td>\n",
       "      <td>78.9</td>\n",
       "      <td>4.9671</td>\n",
       "      <td>2</td>\n",
       "      <td>242</td>\n",
       "      <td>17.8</td>\n",
       "      <td>396.90</td>\n",
       "      <td>9.14</td>\n",
       "      <td>21.6</td>\n",
       "    </tr>\n",
       "    <tr>\n",
       "      <th>2</th>\n",
       "      <td>0.02729</td>\n",
       "      <td>0.0</td>\n",
       "      <td>7.07</td>\n",
       "      <td>0.0</td>\n",
       "      <td>0.469</td>\n",
       "      <td>7.185</td>\n",
       "      <td>61.1</td>\n",
       "      <td>4.9671</td>\n",
       "      <td>2</td>\n",
       "      <td>242</td>\n",
       "      <td>17.8</td>\n",
       "      <td>392.83</td>\n",
       "      <td>4.03</td>\n",
       "      <td>34.7</td>\n",
       "    </tr>\n",
       "    <tr>\n",
       "      <th>3</th>\n",
       "      <td>0.03237</td>\n",
       "      <td>0.0</td>\n",
       "      <td>2.18</td>\n",
       "      <td>0.0</td>\n",
       "      <td>0.458</td>\n",
       "      <td>6.998</td>\n",
       "      <td>45.8</td>\n",
       "      <td>6.0622</td>\n",
       "      <td>3</td>\n",
       "      <td>222</td>\n",
       "      <td>18.7</td>\n",
       "      <td>394.63</td>\n",
       "      <td>2.94</td>\n",
       "      <td>33.4</td>\n",
       "    </tr>\n",
       "    <tr>\n",
       "      <th>4</th>\n",
       "      <td>0.06905</td>\n",
       "      <td>0.0</td>\n",
       "      <td>2.18</td>\n",
       "      <td>0.0</td>\n",
       "      <td>0.458</td>\n",
       "      <td>7.147</td>\n",
       "      <td>54.2</td>\n",
       "      <td>6.0622</td>\n",
       "      <td>3</td>\n",
       "      <td>222</td>\n",
       "      <td>18.7</td>\n",
       "      <td>396.90</td>\n",
       "      <td>NaN</td>\n",
       "      <td>36.2</td>\n",
       "    </tr>\n",
       "    <tr>\n",
       "      <th>...</th>\n",
       "      <td>...</td>\n",
       "      <td>...</td>\n",
       "      <td>...</td>\n",
       "      <td>...</td>\n",
       "      <td>...</td>\n",
       "      <td>...</td>\n",
       "      <td>...</td>\n",
       "      <td>...</td>\n",
       "      <td>...</td>\n",
       "      <td>...</td>\n",
       "      <td>...</td>\n",
       "      <td>...</td>\n",
       "      <td>...</td>\n",
       "      <td>...</td>\n",
       "    </tr>\n",
       "    <tr>\n",
       "      <th>501</th>\n",
       "      <td>0.06263</td>\n",
       "      <td>0.0</td>\n",
       "      <td>11.93</td>\n",
       "      <td>0.0</td>\n",
       "      <td>0.573</td>\n",
       "      <td>6.593</td>\n",
       "      <td>69.1</td>\n",
       "      <td>2.4786</td>\n",
       "      <td>1</td>\n",
       "      <td>273</td>\n",
       "      <td>21.0</td>\n",
       "      <td>391.99</td>\n",
       "      <td>NaN</td>\n",
       "      <td>22.4</td>\n",
       "    </tr>\n",
       "    <tr>\n",
       "      <th>502</th>\n",
       "      <td>0.04527</td>\n",
       "      <td>0.0</td>\n",
       "      <td>11.93</td>\n",
       "      <td>0.0</td>\n",
       "      <td>0.573</td>\n",
       "      <td>6.120</td>\n",
       "      <td>76.7</td>\n",
       "      <td>2.2875</td>\n",
       "      <td>1</td>\n",
       "      <td>273</td>\n",
       "      <td>21.0</td>\n",
       "      <td>396.90</td>\n",
       "      <td>9.08</td>\n",
       "      <td>20.6</td>\n",
       "    </tr>\n",
       "    <tr>\n",
       "      <th>503</th>\n",
       "      <td>0.06076</td>\n",
       "      <td>0.0</td>\n",
       "      <td>11.93</td>\n",
       "      <td>0.0</td>\n",
       "      <td>0.573</td>\n",
       "      <td>6.976</td>\n",
       "      <td>91.0</td>\n",
       "      <td>2.1675</td>\n",
       "      <td>1</td>\n",
       "      <td>273</td>\n",
       "      <td>21.0</td>\n",
       "      <td>396.90</td>\n",
       "      <td>5.64</td>\n",
       "      <td>23.9</td>\n",
       "    </tr>\n",
       "    <tr>\n",
       "      <th>504</th>\n",
       "      <td>0.10959</td>\n",
       "      <td>0.0</td>\n",
       "      <td>11.93</td>\n",
       "      <td>0.0</td>\n",
       "      <td>0.573</td>\n",
       "      <td>6.794</td>\n",
       "      <td>89.3</td>\n",
       "      <td>2.3889</td>\n",
       "      <td>1</td>\n",
       "      <td>273</td>\n",
       "      <td>21.0</td>\n",
       "      <td>393.45</td>\n",
       "      <td>6.48</td>\n",
       "      <td>22.0</td>\n",
       "    </tr>\n",
       "    <tr>\n",
       "      <th>505</th>\n",
       "      <td>0.04741</td>\n",
       "      <td>0.0</td>\n",
       "      <td>11.93</td>\n",
       "      <td>0.0</td>\n",
       "      <td>0.573</td>\n",
       "      <td>6.030</td>\n",
       "      <td>NaN</td>\n",
       "      <td>2.5050</td>\n",
       "      <td>1</td>\n",
       "      <td>273</td>\n",
       "      <td>21.0</td>\n",
       "      <td>396.90</td>\n",
       "      <td>7.88</td>\n",
       "      <td>11.9</td>\n",
       "    </tr>\n",
       "  </tbody>\n",
       "</table>\n",
       "<p>506 rows × 14 columns</p>\n",
       "</div>"
      ],
      "text/plain": [
       "        CRIM    ZN  INDUS  CHAS    NOX     RM   AGE     DIS  RAD  TAX  \\\n",
       "0    0.00632  18.0   2.31   0.0  0.538  6.575  65.2  4.0900    1  296   \n",
       "1    0.02731   0.0   7.07   0.0  0.469  6.421  78.9  4.9671    2  242   \n",
       "2    0.02729   0.0   7.07   0.0  0.469  7.185  61.1  4.9671    2  242   \n",
       "3    0.03237   0.0   2.18   0.0  0.458  6.998  45.8  6.0622    3  222   \n",
       "4    0.06905   0.0   2.18   0.0  0.458  7.147  54.2  6.0622    3  222   \n",
       "..       ...   ...    ...   ...    ...    ...   ...     ...  ...  ...   \n",
       "501  0.06263   0.0  11.93   0.0  0.573  6.593  69.1  2.4786    1  273   \n",
       "502  0.04527   0.0  11.93   0.0  0.573  6.120  76.7  2.2875    1  273   \n",
       "503  0.06076   0.0  11.93   0.0  0.573  6.976  91.0  2.1675    1  273   \n",
       "504  0.10959   0.0  11.93   0.0  0.573  6.794  89.3  2.3889    1  273   \n",
       "505  0.04741   0.0  11.93   0.0  0.573  6.030   NaN  2.5050    1  273   \n",
       "\n",
       "     PTRATIO       B  LSTAT  MEDV  \n",
       "0       15.3  396.90   4.98  24.0  \n",
       "1       17.8  396.90   9.14  21.6  \n",
       "2       17.8  392.83   4.03  34.7  \n",
       "3       18.7  394.63   2.94  33.4  \n",
       "4       18.7  396.90    NaN  36.2  \n",
       "..       ...     ...    ...   ...  \n",
       "501     21.0  391.99    NaN  22.4  \n",
       "502     21.0  396.90   9.08  20.6  \n",
       "503     21.0  396.90   5.64  23.9  \n",
       "504     21.0  393.45   6.48  22.0  \n",
       "505     21.0  396.90   7.88  11.9  \n",
       "\n",
       "[506 rows x 14 columns]"
      ]
     },
     "execution_count": 172,
     "metadata": {},
     "output_type": "execute_result"
    }
   ],
   "source": [
    "df"
   ]
  },
  {
   "cell_type": "code",
   "execution_count": 173,
   "metadata": {},
   "outputs": [
    {
     "data": {
      "text/plain": [
       "CRIM       20\n",
       "ZN         20\n",
       "INDUS      20\n",
       "CHAS       20\n",
       "NOX         0\n",
       "RM          0\n",
       "AGE        20\n",
       "DIS         0\n",
       "RAD         0\n",
       "TAX         0\n",
       "PTRATIO     0\n",
       "B           0\n",
       "LSTAT      20\n",
       "MEDV        0\n",
       "dtype: int64"
      ]
     },
     "execution_count": 173,
     "metadata": {},
     "output_type": "execute_result"
    }
   ],
   "source": [
    "df.isnull().sum()"
   ]
  },
  {
   "cell_type": "code",
   "execution_count": 174,
   "metadata": {},
   "outputs": [],
   "source": [
    "columns_to_fill = ['CRIM', 'ZN', 'INDUS', 'CHAS', 'AGE', 'LSTAT']\n",
    "df[columns_to_fill] = df[columns_to_fill].fillna(df[columns_to_fill].mean())\n"
   ]
  },
  {
   "cell_type": "code",
   "execution_count": 175,
   "metadata": {},
   "outputs": [
    {
     "data": {
      "text/plain": [
       "CRIM       0\n",
       "ZN         0\n",
       "INDUS      0\n",
       "CHAS       0\n",
       "NOX        0\n",
       "RM         0\n",
       "AGE        0\n",
       "DIS        0\n",
       "RAD        0\n",
       "TAX        0\n",
       "PTRATIO    0\n",
       "B          0\n",
       "LSTAT      0\n",
       "MEDV       0\n",
       "dtype: int64"
      ]
     },
     "execution_count": 175,
     "metadata": {},
     "output_type": "execute_result"
    }
   ],
   "source": [
    "df.isnull().sum()"
   ]
  },
  {
   "cell_type": "code",
   "execution_count": 176,
   "metadata": {},
   "outputs": [
    {
     "data": {
      "text/html": [
       "<div>\n",
       "<style scoped>\n",
       "    .dataframe tbody tr th:only-of-type {\n",
       "        vertical-align: middle;\n",
       "    }\n",
       "\n",
       "    .dataframe tbody tr th {\n",
       "        vertical-align: top;\n",
       "    }\n",
       "\n",
       "    .dataframe thead th {\n",
       "        text-align: right;\n",
       "    }\n",
       "</style>\n",
       "<table border=\"1\" class=\"dataframe\">\n",
       "  <thead>\n",
       "    <tr style=\"text-align: right;\">\n",
       "      <th></th>\n",
       "      <th>CRIM</th>\n",
       "      <th>ZN</th>\n",
       "      <th>INDUS</th>\n",
       "      <th>CHAS</th>\n",
       "      <th>NOX</th>\n",
       "      <th>RM</th>\n",
       "      <th>AGE</th>\n",
       "      <th>DIS</th>\n",
       "      <th>RAD</th>\n",
       "      <th>TAX</th>\n",
       "      <th>PTRATIO</th>\n",
       "      <th>B</th>\n",
       "      <th>LSTAT</th>\n",
       "      <th>MEDV</th>\n",
       "    </tr>\n",
       "  </thead>\n",
       "  <tbody>\n",
       "    <tr>\n",
       "      <th>CRIM</th>\n",
       "      <td>1.000000</td>\n",
       "      <td>-0.182930</td>\n",
       "      <td>0.391161</td>\n",
       "      <td>-0.052223</td>\n",
       "      <td>0.410377</td>\n",
       "      <td>-0.215434</td>\n",
       "      <td>0.344934</td>\n",
       "      <td>-0.366523</td>\n",
       "      <td>0.608886</td>\n",
       "      <td>0.566528</td>\n",
       "      <td>0.273384</td>\n",
       "      <td>-0.370163</td>\n",
       "      <td>0.434044</td>\n",
       "      <td>-0.379695</td>\n",
       "    </tr>\n",
       "    <tr>\n",
       "      <th>ZN</th>\n",
       "      <td>-0.182930</td>\n",
       "      <td>1.000000</td>\n",
       "      <td>-0.513336</td>\n",
       "      <td>-0.036147</td>\n",
       "      <td>-0.502287</td>\n",
       "      <td>0.316550</td>\n",
       "      <td>-0.541274</td>\n",
       "      <td>0.638388</td>\n",
       "      <td>-0.306316</td>\n",
       "      <td>-0.308334</td>\n",
       "      <td>-0.403085</td>\n",
       "      <td>0.167431</td>\n",
       "      <td>-0.407549</td>\n",
       "      <td>0.365943</td>\n",
       "    </tr>\n",
       "    <tr>\n",
       "      <th>INDUS</th>\n",
       "      <td>0.391161</td>\n",
       "      <td>-0.513336</td>\n",
       "      <td>1.000000</td>\n",
       "      <td>0.058035</td>\n",
       "      <td>0.740965</td>\n",
       "      <td>-0.381457</td>\n",
       "      <td>0.614592</td>\n",
       "      <td>-0.699639</td>\n",
       "      <td>0.593176</td>\n",
       "      <td>0.716062</td>\n",
       "      <td>0.384806</td>\n",
       "      <td>-0.354597</td>\n",
       "      <td>0.567354</td>\n",
       "      <td>-0.478657</td>\n",
       "    </tr>\n",
       "    <tr>\n",
       "      <th>CHAS</th>\n",
       "      <td>-0.052223</td>\n",
       "      <td>-0.036147</td>\n",
       "      <td>0.058035</td>\n",
       "      <td>1.000000</td>\n",
       "      <td>0.073286</td>\n",
       "      <td>0.102284</td>\n",
       "      <td>0.075206</td>\n",
       "      <td>-0.091680</td>\n",
       "      <td>0.001425</td>\n",
       "      <td>-0.031483</td>\n",
       "      <td>-0.109310</td>\n",
       "      <td>0.050055</td>\n",
       "      <td>-0.046166</td>\n",
       "      <td>0.179882</td>\n",
       "    </tr>\n",
       "    <tr>\n",
       "      <th>NOX</th>\n",
       "      <td>0.410377</td>\n",
       "      <td>-0.502287</td>\n",
       "      <td>0.740965</td>\n",
       "      <td>0.073286</td>\n",
       "      <td>1.000000</td>\n",
       "      <td>-0.302188</td>\n",
       "      <td>0.711461</td>\n",
       "      <td>-0.769230</td>\n",
       "      <td>0.611441</td>\n",
       "      <td>0.668023</td>\n",
       "      <td>0.188933</td>\n",
       "      <td>-0.380051</td>\n",
       "      <td>0.572379</td>\n",
       "      <td>-0.427321</td>\n",
       "    </tr>\n",
       "    <tr>\n",
       "      <th>RM</th>\n",
       "      <td>-0.215434</td>\n",
       "      <td>0.316550</td>\n",
       "      <td>-0.381457</td>\n",
       "      <td>0.102284</td>\n",
       "      <td>-0.302188</td>\n",
       "      <td>1.000000</td>\n",
       "      <td>-0.241351</td>\n",
       "      <td>0.205246</td>\n",
       "      <td>-0.209847</td>\n",
       "      <td>-0.292048</td>\n",
       "      <td>-0.355501</td>\n",
       "      <td>0.128069</td>\n",
       "      <td>-0.602962</td>\n",
       "      <td>0.695360</td>\n",
       "    </tr>\n",
       "    <tr>\n",
       "      <th>AGE</th>\n",
       "      <td>0.344934</td>\n",
       "      <td>-0.541274</td>\n",
       "      <td>0.614592</td>\n",
       "      <td>0.075206</td>\n",
       "      <td>0.711461</td>\n",
       "      <td>-0.241351</td>\n",
       "      <td>1.000000</td>\n",
       "      <td>-0.724353</td>\n",
       "      <td>0.449989</td>\n",
       "      <td>0.500589</td>\n",
       "      <td>0.262723</td>\n",
       "      <td>-0.265282</td>\n",
       "      <td>0.574893</td>\n",
       "      <td>-0.380223</td>\n",
       "    </tr>\n",
       "    <tr>\n",
       "      <th>DIS</th>\n",
       "      <td>-0.366523</td>\n",
       "      <td>0.638388</td>\n",
       "      <td>-0.699639</td>\n",
       "      <td>-0.091680</td>\n",
       "      <td>-0.769230</td>\n",
       "      <td>0.205246</td>\n",
       "      <td>-0.724353</td>\n",
       "      <td>1.000000</td>\n",
       "      <td>-0.494588</td>\n",
       "      <td>-0.534432</td>\n",
       "      <td>-0.232471</td>\n",
       "      <td>0.291512</td>\n",
       "      <td>-0.483429</td>\n",
       "      <td>0.249929</td>\n",
       "    </tr>\n",
       "    <tr>\n",
       "      <th>RAD</th>\n",
       "      <td>0.608886</td>\n",
       "      <td>-0.306316</td>\n",
       "      <td>0.593176</td>\n",
       "      <td>0.001425</td>\n",
       "      <td>0.611441</td>\n",
       "      <td>-0.209847</td>\n",
       "      <td>0.449989</td>\n",
       "      <td>-0.494588</td>\n",
       "      <td>1.000000</td>\n",
       "      <td>0.910228</td>\n",
       "      <td>0.464741</td>\n",
       "      <td>-0.444413</td>\n",
       "      <td>0.468440</td>\n",
       "      <td>-0.381626</td>\n",
       "    </tr>\n",
       "    <tr>\n",
       "      <th>TAX</th>\n",
       "      <td>0.566528</td>\n",
       "      <td>-0.308334</td>\n",
       "      <td>0.716062</td>\n",
       "      <td>-0.031483</td>\n",
       "      <td>0.668023</td>\n",
       "      <td>-0.292048</td>\n",
       "      <td>0.500589</td>\n",
       "      <td>-0.534432</td>\n",
       "      <td>0.910228</td>\n",
       "      <td>1.000000</td>\n",
       "      <td>0.460853</td>\n",
       "      <td>-0.441808</td>\n",
       "      <td>0.524545</td>\n",
       "      <td>-0.468536</td>\n",
       "    </tr>\n",
       "    <tr>\n",
       "      <th>PTRATIO</th>\n",
       "      <td>0.273384</td>\n",
       "      <td>-0.403085</td>\n",
       "      <td>0.384806</td>\n",
       "      <td>-0.109310</td>\n",
       "      <td>0.188933</td>\n",
       "      <td>-0.355501</td>\n",
       "      <td>0.262723</td>\n",
       "      <td>-0.232471</td>\n",
       "      <td>0.464741</td>\n",
       "      <td>0.460853</td>\n",
       "      <td>1.000000</td>\n",
       "      <td>-0.177383</td>\n",
       "      <td>0.373343</td>\n",
       "      <td>-0.507787</td>\n",
       "    </tr>\n",
       "    <tr>\n",
       "      <th>B</th>\n",
       "      <td>-0.370163</td>\n",
       "      <td>0.167431</td>\n",
       "      <td>-0.354597</td>\n",
       "      <td>0.050055</td>\n",
       "      <td>-0.380051</td>\n",
       "      <td>0.128069</td>\n",
       "      <td>-0.265282</td>\n",
       "      <td>0.291512</td>\n",
       "      <td>-0.444413</td>\n",
       "      <td>-0.441808</td>\n",
       "      <td>-0.177383</td>\n",
       "      <td>1.000000</td>\n",
       "      <td>-0.368886</td>\n",
       "      <td>0.333461</td>\n",
       "    </tr>\n",
       "    <tr>\n",
       "      <th>LSTAT</th>\n",
       "      <td>0.434044</td>\n",
       "      <td>-0.407549</td>\n",
       "      <td>0.567354</td>\n",
       "      <td>-0.046166</td>\n",
       "      <td>0.572379</td>\n",
       "      <td>-0.602962</td>\n",
       "      <td>0.574893</td>\n",
       "      <td>-0.483429</td>\n",
       "      <td>0.468440</td>\n",
       "      <td>0.524545</td>\n",
       "      <td>0.373343</td>\n",
       "      <td>-0.368886</td>\n",
       "      <td>1.000000</td>\n",
       "      <td>-0.721975</td>\n",
       "    </tr>\n",
       "    <tr>\n",
       "      <th>MEDV</th>\n",
       "      <td>-0.379695</td>\n",
       "      <td>0.365943</td>\n",
       "      <td>-0.478657</td>\n",
       "      <td>0.179882</td>\n",
       "      <td>-0.427321</td>\n",
       "      <td>0.695360</td>\n",
       "      <td>-0.380223</td>\n",
       "      <td>0.249929</td>\n",
       "      <td>-0.381626</td>\n",
       "      <td>-0.468536</td>\n",
       "      <td>-0.507787</td>\n",
       "      <td>0.333461</td>\n",
       "      <td>-0.721975</td>\n",
       "      <td>1.000000</td>\n",
       "    </tr>\n",
       "  </tbody>\n",
       "</table>\n",
       "</div>"
      ],
      "text/plain": [
       "             CRIM        ZN     INDUS      CHAS       NOX        RM       AGE  \\\n",
       "CRIM     1.000000 -0.182930  0.391161 -0.052223  0.410377 -0.215434  0.344934   \n",
       "ZN      -0.182930  1.000000 -0.513336 -0.036147 -0.502287  0.316550 -0.541274   \n",
       "INDUS    0.391161 -0.513336  1.000000  0.058035  0.740965 -0.381457  0.614592   \n",
       "CHAS    -0.052223 -0.036147  0.058035  1.000000  0.073286  0.102284  0.075206   \n",
       "NOX      0.410377 -0.502287  0.740965  0.073286  1.000000 -0.302188  0.711461   \n",
       "RM      -0.215434  0.316550 -0.381457  0.102284 -0.302188  1.000000 -0.241351   \n",
       "AGE      0.344934 -0.541274  0.614592  0.075206  0.711461 -0.241351  1.000000   \n",
       "DIS     -0.366523  0.638388 -0.699639 -0.091680 -0.769230  0.205246 -0.724353   \n",
       "RAD      0.608886 -0.306316  0.593176  0.001425  0.611441 -0.209847  0.449989   \n",
       "TAX      0.566528 -0.308334  0.716062 -0.031483  0.668023 -0.292048  0.500589   \n",
       "PTRATIO  0.273384 -0.403085  0.384806 -0.109310  0.188933 -0.355501  0.262723   \n",
       "B       -0.370163  0.167431 -0.354597  0.050055 -0.380051  0.128069 -0.265282   \n",
       "LSTAT    0.434044 -0.407549  0.567354 -0.046166  0.572379 -0.602962  0.574893   \n",
       "MEDV    -0.379695  0.365943 -0.478657  0.179882 -0.427321  0.695360 -0.380223   \n",
       "\n",
       "              DIS       RAD       TAX   PTRATIO         B     LSTAT      MEDV  \n",
       "CRIM    -0.366523  0.608886  0.566528  0.273384 -0.370163  0.434044 -0.379695  \n",
       "ZN       0.638388 -0.306316 -0.308334 -0.403085  0.167431 -0.407549  0.365943  \n",
       "INDUS   -0.699639  0.593176  0.716062  0.384806 -0.354597  0.567354 -0.478657  \n",
       "CHAS    -0.091680  0.001425 -0.031483 -0.109310  0.050055 -0.046166  0.179882  \n",
       "NOX     -0.769230  0.611441  0.668023  0.188933 -0.380051  0.572379 -0.427321  \n",
       "RM       0.205246 -0.209847 -0.292048 -0.355501  0.128069 -0.602962  0.695360  \n",
       "AGE     -0.724353  0.449989  0.500589  0.262723 -0.265282  0.574893 -0.380223  \n",
       "DIS      1.000000 -0.494588 -0.534432 -0.232471  0.291512 -0.483429  0.249929  \n",
       "RAD     -0.494588  1.000000  0.910228  0.464741 -0.444413  0.468440 -0.381626  \n",
       "TAX     -0.534432  0.910228  1.000000  0.460853 -0.441808  0.524545 -0.468536  \n",
       "PTRATIO -0.232471  0.464741  0.460853  1.000000 -0.177383  0.373343 -0.507787  \n",
       "B        0.291512 -0.444413 -0.441808 -0.177383  1.000000 -0.368886  0.333461  \n",
       "LSTAT   -0.483429  0.468440  0.524545  0.373343 -0.368886  1.000000 -0.721975  \n",
       "MEDV     0.249929 -0.381626 -0.468536 -0.507787  0.333461 -0.721975  1.000000  "
      ]
     },
     "execution_count": 176,
     "metadata": {},
     "output_type": "execute_result"
    }
   ],
   "source": [
    "df.corr()"
   ]
  },
  {
   "cell_type": "code",
   "execution_count": 177,
   "metadata": {},
   "outputs": [],
   "source": [
    "df = df.drop('CHAS', axis=1)\n"
   ]
  },
  {
   "cell_type": "code",
   "execution_count": 178,
   "metadata": {},
   "outputs": [],
   "source": [
    "import seaborn as sns"
   ]
  },
  {
   "cell_type": "code",
   "execution_count": 179,
   "metadata": {},
   "outputs": [
    {
     "data": {
      "text/plain": [
       "<Axes: >"
      ]
     },
     "execution_count": 179,
     "metadata": {},
     "output_type": "execute_result"
    },
    {
     "data": {
